 0.000000 1295.747559
 0.999983 1295.531128
 1.000000 1295.531128
 1.999983 1295.427368
 2.000000 1295.427368
 2.999983 1295.262817
 3.000000 1295.262817
 3.999983 1295.046387
 4.000000 1295.046387
 4.999983 1294.860474
 5.000000 1294.860474
 5.999983 1294.845337
 6.000000 1294.845337
 6.999983 1294.458252
 7.000000 1294.458252
 7.999983 1294.345459
 8.000000 1294.345459
 8.999983 1294.214355
 9.000000 1294.214355
 9.999983 1294.229614
 10.000000 1294.229614
 10.999983 1294.031372
 11.000000 1294.031372
 11.999983 1293.818115
 12.000000 1293.818115
 12.999983 1293.519409
 13.000000 1293.519409
 13.999983 1293.318237
 14.000000 1293.318237
 14.999983 1293.217651
 15.000000 1293.217651
 15.999983 1293.043945
 16.000000 1293.043945
 16.999983 1292.940308
 17.000000 1292.940308
 17.999983 1292.327637
 18.000000 1292.327637
 18.999983 1291.913086
 19.000000 1291.913086
 19.999983 1291.599121
 20.000000 1291.599121
 20.999983 1290.937744
 21.000000 1290.937744
 21.999983 1290.876831
 22.000000 1290.876831
 22.999983 1291.208984
 23.000000 1291.208984
 23.999983 1291.446655
 24.000000 1291.446655
 24.999983 1291.437622
 25.000000 1291.437622
 25.999983 1291.715088
 26.000000 1291.715088
 26.999983 1291.906982
 27.000000 1291.906982
 27.999983 1291.849121
 28.000000 1291.849121
 28.999983 1291.815674
 29.000000 1291.815674
 29.999983 1291.766846
 30.000000 1291.766846
 30.999983 1291.766846
 31.000000 1291.766846
 31.999983 1291.781982
 32.000000 1291.781982
 32.999983 1291.733398
 33.000000 1291.733398
 33.999983 1291.464966
 34.000000 1291.464966
 34.999983 1291.583862
 35.000000 1291.583862
 35.999983 1291.532104
 36.000000 1291.532104
 36.999983 1291.343140
 37.000000 1291.343140
 37.999983 1291.321777
 38.000000 1291.321777
 38.999983 1291.218140
 39.000000 1291.218140
 39.999983 1291.218140
 40.000000 1291.218140
 40.999983 1291.059570
 41.000000 1291.059570
 41.999983 1290.861450
 42.000000 1290.861450
 42.999983 1290.754761
 43.000000 1290.754761
 43.999983 1290.785278
 44.000000 1290.785278
 44.999983 1290.590332
 45.000000 1290.590332
 45.999983 1290.456055
 46.000000 1290.456055
 46.999983 1290.325073
 47.000000 1290.325073
 47.999983 1290.325073
 48.000000 1290.325073
 48.999983 1290.035522
 49.000000 1290.035522
 49.999983 1289.822266
 50.000000 1289.822266
 50.999983 1289.596558
 51.000000 1289.596558
 51.999983 1289.371094
 52.000000 1289.371094
 52.999983 1289.294922
 53.000000 1289.294922
 53.999983 1289.066284
 54.000000 1289.066284
 54.999983 1288.776733
 55.000000 1288.776733
 55.999983 1288.770630
 56.000000 1288.770630
 56.999983 1288.615234
 57.000000 1288.615234
 57.999983 1288.633423
 58.000000 1288.633423
 58.999983 1288.508545
 59.000000 1288.508545
 59.999983 1288.267700
 60.000000 1288.267700
 60.999983 1288.386597
 61.000000 1288.386597
 61.999983 1288.158081
 62.000000 1288.158081
 62.999983 1287.877441
 63.000000 1287.877441
 63.999983 1287.764893
 64.000000 1287.764893
 64.999983 1287.764893
 65.000000 1287.764893
 65.999983 1287.615356
 66.000000 1287.615356
 66.999983 1287.478149
 67.000000 1287.478149
 67.999983 1287.328857
 68.000000 1287.328857
 68.999983 1287.325806
 69.000000 1287.325806
 69.999983 1287.112549
 70.000000 1287.112549
 70.999983 1287.018066
 71.000000 1287.018066
 71.999983 1286.877808
 72.000000 1286.877808
 72.999983 1286.789429
 73.000000 1286.789429
 73.999983 1286.676636
 74.000000 1286.676636
 74.999983 1286.475586
 75.000000 1286.475586
 75.999983 1286.246948
 76.000000 1286.246948
 76.999983 1286.094482
 77.000000 1286.094482
 77.999983 1285.966431
 78.000000 1285.966431
 78.999983 1285.872070
 79.000000 1285.872070
 79.999983 1285.768311
 80.000000 1285.768311
 80.999983 1285.646362
 81.000000 1285.646362
 81.999983 1285.646362
 82.000000 1285.646362
 82.999983 1285.298950
 83.000000 1285.298950
 83.999983 1284.902710
 84.000000 1284.902710
 84.999983 1284.786987
 85.000000 1284.786987
 85.999983 1284.433350
 86.000000 1284.433350
 86.999983 1283.774902
 87.000000 1283.774902
 87.999983 1283.631714
 88.000000 1283.631714
 88.999983 1283.360474
 89.000000 1283.360474
 89.999983 1283.241455
 90.000000 1283.241455
 90.999983 1282.991577
 91.000000 1282.991577
 91.999983 1282.650269
 92.000000 1282.650269
 92.999983 1282.324097
 93.000000 1282.324097
 93.999983 1282.324097
 94.000000 1282.324097
 94.999983 1282.122925
 95.000000 1282.122925
 95.999983 1281.970459
 96.000000 1281.970459
 96.999983 1281.714478
 97.000000 1281.714478
 97.999983 1281.626099
 98.000000 1281.626099
 98.999983 1281.434082
 99.000000 1281.434082
 99.999983 1281.187256
 100.000000 1281.187256
 100.999983 1280.989136
 101.000000 1280.989136
 101.999983 1280.906860
 102.000000 1280.906860
 102.999983 1280.678223
 103.000000 1280.678223
 103.999983 1280.312378
 104.000000 1280.312378
 104.999983 1280.013672
 105.000000 1280.013672
 105.999983 1279.779053
 106.000000 1279.779053
 106.999983 1279.702759
 107.000000 1279.702759
 107.999983 1279.489380
 108.000000 1279.489380
 108.999983 1279.193848
 109.000000 1279.193848
 109.999983 1278.928589
 110.000000 1278.928589
 110.999983 1278.928589
 111.000000 1278.928589
 111.999983 1278.724365
 112.000000 1278.724365
 112.999983 1278.514160
 113.000000 1278.514160
 113.999983 1278.236694
 114.000000 1278.236694
 114.999983 1278.154419
 115.000000 1278.154419
 115.999983 1277.931885
 116.000000 1277.931885
 116.999983 1277.666748
 117.000000 1277.666748
 117.999983 1277.364990
 118.000000 1277.364990
 118.999983 1277.364990
 119.000000 1277.364990
 119.999983 1276.697510
 120.000000 1276.697510
 120.999983 1276.340942
 121.000000 1276.340942
 121.999983 1276.167114
 122.000000 1276.167114
 122.999983 1275.862305
 123.000000 1275.862305
 123.999983 1275.746460
 124.000000 1275.746460
 124.999983 1275.581909
 125.000000 1275.581909
 125.999983 1275.255859
 126.000000 1275.255859
 126.999983 1274.877808
 127.000000 1274.877808
 127.999983 1274.877808
 128.000000 1274.877808
 128.999983 1274.512085
 129.000000 1274.512085
 129.999983 1274.289673
 130.000000 1274.289673
 130.999983 1273.908691
 131.000000 1273.908691
 131.999983 1273.774414
 132.000000 1273.774414
 132.999983 1273.356934
 133.000000 1273.356934
 133.999983 1273.012451
 134.000000 1273.012451
 134.999983 1272.671143
 135.000000 1272.671143
 135.999983 1272.671143
 136.000000 1272.671143
 136.999983 1272.247437
 137.000000 1272.247437
 137.999983 1271.890869
 138.000000 1271.890869
 138.999983 1271.634644
 139.000000 1271.634644
 139.999983 1271.503784
 140.000000 1271.503784
 140.999983 1271.061646
 141.000000 1271.061646
 141.999983 1270.860596
 142.000000 1270.860596
 142.999983 1270.549683
 143.000000 1270.549683
 143.999983 1270.107666
 144.000000 1270.107666
 144.999983 1270.107666
 145.000000 1270.107666
 145.999983 1269.851685
 146.000000 1269.851685
 146.999983 1269.114014
 147.000000 1269.114014
 147.999983 1268.306274
 148.000000 1268.306274
 148.999983 1267.925293
 149.000000 1267.925293
 149.999983 1267.556519
 150.000000 1267.556519
 150.999983 1267.568726
 151.000000 1267.568726
 151.999983 1267.559570
 152.000000 1267.559570
 152.999983 1267.559570
 153.000000 1267.559570
 153.999983 1267.379639
 154.000000 1267.379639
 154.999983 1266.699951
 155.000000 1266.699951
 155.999983 1266.142212
 156.000000 1266.142212
 156.999983 1265.831421
 157.000000 1265.831421
 157.999983 1265.450439
 158.000000 1265.450439
 158.999983 1265.069458
 159.000000 1265.069458
 159.999983 1264.078857
 160.000000 1264.078857
 160.999983 1263.929443
 161.000000 1263.929443
 161.999983 1263.536255
 162.000000 1263.536255
 162.999983 1263.021118
 163.000000 1263.021118
 163.999983 1262.527344
 164.000000 1262.527344
 164.999983 1262.115845
 165.000000 1262.115845
 165.999983 1261.945190
 166.000000 1261.945190
 166.999983 1261.555054
 167.000000 1261.555054
 167.999983 1261.036743
 168.000000 1261.036743
 168.999983 1260.345093
 169.000000 1260.345093
 169.999983 1260.345093
 170.000000 1260.345093
 170.999983 1259.942627
 171.000000 1259.942627
 171.999983 1259.345215
 172.000000 1259.345215
 172.999983 1259.089233
 173.000000 1259.089233
 173.999983 1258.860596
 174.000000 1258.860596
 174.999983 1257.787720
 175.000000 1257.787720
 175.999983 1257.400635
 176.000000 1257.400635
 176.999983 1256.842773
 177.000000 1256.842773
 177.999983 1256.659912
 178.000000 1256.659912
 178.999983 1256.242310
 179.000000 1256.242310
 179.999983 1255.648071
 180.000000 1255.648071
 180.999983 1255.071899
 181.000000 1255.071899
 181.999983 1255.071899
 182.000000 1255.071899
 182.999983 1254.489746
 183.000000 1254.489746
 183.999983 1254.066162
 184.000000 1254.066162
 184.999983 1253.529663
 185.000000 1253.529663
 185.999983 1252.758545
 186.000000 1252.758545
 186.999983 1252.292114
 187.000000 1252.292114
 187.999983 1251.716187
 188.000000 1251.716187
 188.999983 1250.835205
 189.000000 1250.835205
 189.999983 1250.435913
 190.000000 1250.435913
 190.999983 1250.268311
 191.000000 1250.268311
 191.999983 1249.625122
 192.000000 1249.625122
 192.999983 1249.247192
 193.000000 1249.247192
 193.999983 1248.683350
 194.000000 1248.683350
 194.999983 1248.494263
 195.000000 1248.494263
 195.999983 1248.198608
 196.000000 1248.198608
 196.999983 1247.558594
 197.000000 1247.558594
 197.999983 1246.753906
 198.000000 1246.753906
 198.999983 1246.753906
 199.000000 1246.753906
 199.999983 1246.004150
 200.000000 1246.004150
 200.999983 1245.821289
 201.000000 1245.821289
 201.999983 1244.403931
 202.000000 1244.403931
 202.999983 1243.983276
 203.000000 1243.983276
 203.999983 1243.513916
 204.000000 1243.513916
 204.999983 1242.846436
 205.000000 1242.846436
 205.999983 1242.194092
 206.000000 1242.194092
 206.999983 1242.194092
 207.000000 1242.194092
 207.999983 1241.410767
 208.000000 1241.410767
 208.999983 1240.304321
 209.000000 1240.304321
 209.999983 1240.030029
 210.000000 1240.030029
 210.999983 1239.051636
 211.000000 1239.051636
 211.999983 1238.557861
 212.000000 1238.557861
 212.999983 1238.030518
 213.000000 1238.030518
 213.999983 1237.372192
 214.000000 1237.372192
 214.999983 1236.832764
 215.000000 1236.832764
 215.999983 1236.832764
 216.000000 1236.832764
 216.999983 1236.067627
 217.000000 1236.067627
 217.999983 1235.592163
 218.000000 1235.592163
 218.999983 1235.485474
 219.000000 1235.485474
 219.999983 1235.275146
 220.000000 1235.275146
 220.999983 1235.198975
 221.000000 1235.198975
 221.999983 1235.269043
 222.000000 1235.269043
 222.999983 1235.351318
 223.000000 1235.351318
 223.999983 1235.351318
 224.000000 1235.351318
 224.999983 1235.400146
 225.000000 1235.400146
 225.999983 1235.531250
 226.000000 1235.531250
 226.999983 1235.506836
 227.000000 1235.506836
 227.999983 1235.576904
 228.000000 1235.576904
 228.999983 1235.525146
 229.000000 1235.525146
 229.999983 1235.418457
 230.000000 1235.418457
 230.999983 1235.415405
 231.000000 1235.415405
 231.999983 1235.430664
 232.000000 1235.430664
 232.999983 1235.430664
 233.000000 1235.430664
 233.999983 1235.412354
 234.000000 1235.412354
 234.999983 1235.390991
 235.000000 1235.390991
 235.999983 1235.348267
 236.000000 1235.348267
 236.999983 1235.378784
 237.000000 1235.378784
 237.999983 1235.311768
 238.000000 1235.311768
 238.999983 1235.290405
 239.000000 1235.290405
 239.999983 1235.272095
 240.000000 1235.272095
 240.999983 1235.272095
 241.000000 1235.272095
 241.999983 1235.308716
 242.000000 1235.308716
 242.999983 1235.305664
 243.000000 1235.305664
 243.999983 1235.220337
 244.000000 1235.220337
 244.999983 1235.247681
 245.000000 1235.247681
 245.999983 1235.217285
 246.000000 1235.217285
 246.999983 1235.223389
 247.000000 1235.223389
 247.999983 1235.272095
 248.000000 1235.272095
 248.999983 1235.232544
 249.000000 1235.232544
 249.999983 1235.235596
 250.000000 1235.235596
 250.999983 1235.214233
 251.000000 1235.214233
 251.999983 1235.467285
 252.000000 1235.467285
 252.999983 1235.470215
 253.000000 1235.470215
 253.999983 1235.455078
 254.000000 1235.455078
 254.999983 1235.430664
 255.000000 1235.430664
 255.999983 1235.369629
 256.000000 1235.369629
 256.999983 1235.366577
 257.000000 1235.366577
 257.999983 1235.366577
 258.000000 1235.366577
 258.999983 1235.467285
 259.000000 1235.467285
 259.999983 1235.400146
 260.000000 1235.400146
 260.999983 1235.342163
 261.000000 1235.342163
 261.999983 1235.378784
 262.000000 1235.378784
 262.999983 1235.156372
 263.000000 1235.156372
 263.999983 1235.122803
 264.000000 1235.122803
 264.999983 1235.083130
 265.000000 1235.083130
 265.999983 1235.013062
 266.000000 1235.013062
 266.999983 1235.000854
 267.000000 1235.000854
 267.999983 1234.915527
 268.000000 1234.915527
 268.999983 1234.604614
 269.000000 1234.604614
 269.999983 1234.604614
 270.000000 1234.604614
 270.999983 1234.754028
 271.000000 1234.754028
 271.999983 1234.772217
 272.000000 1234.772217
 272.999983 1234.656372
 273.000000 1234.656372
 273.999983 1234.540649
 274.000000 1234.540649
 274.999983 1234.540649
 275.000000 1234.540649
 275.999983 1234.485718
 276.000000 1234.485718
 276.999983 1234.449219
 277.000000 1234.449219
 277.999983 1234.467529
 278.000000 1234.467529
 278.999983 1234.625977
 279.000000 1234.625977
 279.999983 1234.726562
 280.000000 1234.726562
 280.999983 1234.933838
 281.000000 1234.933838
 281.999983 1235.704956
 282.000000 1235.704956
 282.999983 1236.027954
 283.000000 1236.027954
 283.999983 1236.082886
 284.000000 1236.082886
 284.999983 1236.917969
 285.000000 1236.917969
 285.999983 1237.789795
 286.000000 1237.789795
 286.999983 1237.789795
 287.000000 1237.789795
 287.999983 1238.920532
 288.000000 1238.920532
 288.999983 1239.557617
 289.000000 1239.557617
 289.999983 1239.959961
 290.000000 1239.959961
 290.999983 1240.313477
 291.000000 1240.313477
 291.999983 1240.773804
 292.000000 1240.773804
 292.999983 1241.551025
 293.000000 1241.551025
 293.999983 1242.206299
 294.000000 1242.206299
 294.999983 1242.550781
 295.000000 1242.550781
 295.999983 1242.864624
 296.000000 1242.864624
 296.999983 1243.471191
 297.000000 1243.471191
 297.999983 1243.763916
 298.000000 1243.763916
 298.999983 1244.428345
 299.000000 1244.428345
 299.999983 1244.775757
 300.000000 1244.775757
 300.999983 1245.705444
 301.000000 1245.705444
 301.999983 1246.711304
 302.000000 1246.711304
 302.999983 1247.247681
 303.000000 1247.247681
 303.999983 1247.247681
 304.000000 1247.247681
 304.999983 1247.723267
 305.000000 1247.723267
 305.999983 1248.195557
 306.000000 1248.195557
 306.999983 1248.494263
 307.000000 1248.494263
 307.999983 1248.747314
 308.000000 1248.747314
 308.999983 1249.052124
 309.000000 1249.052124
 309.999983 1249.686157
 310.000000 1249.686157
 310.999983 1250.115967
 311.000000 1250.115967
 311.999983 1250.115967
 312.000000 1250.115967
 312.999983 1250.822998
 313.000000 1250.822998
 313.999983 1251.877563
 314.000000 1251.877563
 314.999983 1252.148926
 315.000000 1252.148926
 315.999983 1252.718994
 316.000000 1252.718994
 316.999983 1252.938354
 317.000000 1252.938354
 317.999983 1253.227905
 318.000000 1253.227905
 318.999983 1254.133057
 319.000000 1254.133057
 319.999983 1254.748779
 320.000000 1254.748779
 320.999983 1254.748779
 321.000000 1254.748779
 321.999983 1255.690796
 322.000000 1255.690796
 322.999983 1256.126465
 323.000000 1256.126465
 323.999983 1256.492310
 324.000000 1256.492310
 324.999983 1256.748291
 325.000000 1256.748291
 325.999983 1257.044067
 326.000000 1257.044067
 326.999983 1257.589600
 327.000000 1257.589600
 327.999983 1258.339478
 328.000000 1258.339478
 328.999983 1258.339478
 329.000000 1258.339478
 329.999983 1258.821045
 330.000000 1258.821045
 330.999983 1259.461060
 331.000000 1259.461060
 331.999983 1259.805542
 332.000000 1259.805542
 332.999983 1259.936523
 333.000000 1259.936523
 333.999983 1260.341919
 334.000000 1260.341919
 334.999983 1260.579590
 335.000000 1260.579590
 335.999983 1261.274658
 336.000000 1261.274658
 336.999983 1261.442261
 337.000000 1261.442261
 337.999983 1261.768433
 338.000000 1261.768433
 338.999983 1262.063965
 339.000000 1262.063965
 339.999983 1262.481567
 340.000000 1262.481567
 340.999983 1262.701172
 341.000000 1262.701172
 341.999983 1262.886963
 342.000000 1262.886963
 342.999983 1263.517944
 343.000000 1263.517944
 343.999983 1263.703735
 344.000000 1263.703735
 344.999983 1264.030029
 345.000000 1264.030029
 345.999983 1264.030029
 346.000000 1264.030029
 346.999983 1264.398804
 347.000000 1264.398804
 347.999983 1264.868164
 348.000000 1264.868164
 348.999983 1265.099854
 349.000000 1265.099854
 349.999983 1265.294922
 350.000000 1265.294922
 350.999983 1265.648560
 351.000000 1265.648560
 351.999983 1265.892334
 352.000000 1265.892334
 352.999983 1266.136230
 353.000000 1266.136230
 353.999983 1266.297729
 354.000000 1266.297729
 354.999983 1266.431763
 355.000000 1266.431763
 355.999983 1266.980347
 356.000000 1266.980347
 356.999983 1267.224365
 357.000000 1267.224365
 357.999983 1267.224365
 358.000000 1267.224365
 358.999983 1267.367554
 359.000000 1267.367554
 359.999983 1267.635864
 360.000000 1267.635864
 360.999983 1267.757690
 361.000000 1267.757690
 361.999983 1267.980225
 362.000000 1267.980225
 362.999983 1267.980225
 363.000000 1267.980225
 363.999983 1268.236206
 364.000000 1268.236206
 364.999983 1268.495361
 365.000000 1268.495361
 365.999983 1268.604980
 366.000000 1268.604980
 366.999983 1268.644775
 367.000000 1268.644775
 367.999983 1268.976929
 368.000000 1268.976929
 368.999983 1269.153687
 369.000000 1269.153687
 369.999983 1269.638306
 370.000000 1269.638306
 370.999983 1269.741943
 371.000000 1269.741943
 371.999983 1269.921875
 372.000000 1269.921875
 372.999983 1270.092529
 373.000000 1270.092529
 373.999983 1270.296753
 374.000000 1270.296753
 374.999983 1270.296753
 375.000000 1270.296753
 375.999983 1270.488770
 376.000000 1270.488770
 376.999983 1270.677734
 377.000000 1270.677734
 377.999983 1270.881958
 378.000000 1270.881958
 378.999983 1270.921509
 379.000000 1270.921509
 379.999983 1271.122681
 380.000000 1271.122681
 380.999983 1271.372559
 381.000000 1271.372559
 381.999983 1271.628540
 382.000000 1271.628540
 382.999983 1271.729248
 383.000000 1271.729248
 383.999983 1271.939453
 384.000000 1271.939453
 384.999983 1272.396729
 385.000000 1272.396729
 385.999983 1272.561279
 386.000000 1272.561279
 386.999983 1272.789917
 387.000000 1272.789917
 387.999983 1272.939331
 388.000000 1272.939331
 388.999983 1273.036743
 389.000000 1273.036743
 389.999983 1273.356934
 390.000000 1273.356934
 390.999983 1273.576294
 391.000000 1273.576294
 391.999983 1273.576294
 392.000000 1273.576294
 392.999983 1273.621948
 393.000000 1273.621948
 393.999983 1273.844482
 394.000000 1273.844482
 394.999983 1273.942139
 395.000000 1273.942139
 395.999983 1274.061035
 396.000000 1274.061035
 396.999983 1274.222534
 397.000000 1274.222534
 397.999983 1274.286499
 398.000000 1274.286499
 398.999983 1274.451172
 399.000000 1274.451172
 399.999983 1274.451172
 400.000000 1274.451172
 400.999983 1274.701050
 401.000000 1274.701050
 401.999983 1274.819946
 402.000000 1274.819946
 402.999983 1274.899292
 403.000000 1274.899292
 403.999983 1274.917358
 404.000000 1274.917358
 404.999983 1274.996704
 405.000000 1274.996704
 405.999983 1275.015015
 406.000000 1275.015015
 406.999983 1275.173584
 407.000000 1275.173584
 407.999983 1275.234375
 408.000000 1275.234375
 408.999983 1275.234375
 409.000000 1275.234375
 409.999983 1275.377686
 410.000000 1275.377686
 410.999983 1275.414307
 411.000000 1275.414307
 411.999983 1275.514771
 412.000000 1275.514771
 412.999983 1275.585083
 413.000000 1275.585083
 413.999983 1275.664185
 414.000000 1275.664185
 414.999983 1275.719116
 415.000000 1275.719116
 415.999983 1275.822754
 416.000000 1275.822754
 416.999983 1275.822754
 417.000000 1275.822754
 417.999983 1276.048218
 418.000000 1276.048218
 418.999983 1276.118408
 419.000000 1276.118408
 419.999983 1276.048218
 420.000000 1276.048218
 420.999983 1276.179321
 421.000000 1276.179321
 421.999983 1276.307251
 422.000000 1276.307251
 422.999983 1276.353027
 423.000000 1276.353027
 423.999983 1276.532959
 424.000000 1276.532959
 424.999983 1276.636475
 425.000000 1276.636475
 425.999983 1276.636475
 426.000000 1276.636475
 426.999983 1276.846802
 427.000000 1276.846802
 427.999983 1276.968750
 428.000000 1276.968750
 428.999983 1277.026733
 429.000000 1277.026733
 429.999983 1277.069336
 430.000000 1277.069336
 430.999983 1277.169922
 431.000000 1277.169922
 431.999983 1277.188232
 432.000000 1277.188232
 432.999983 1277.358887
 433.000000 1277.358887
 433.999983 1277.358887
 434.000000 1277.358887
 434.999983 1277.517456
 435.000000 1277.517456
 435.999983 1277.806885
 436.000000 1277.806885
 436.999983 1277.904541
 437.000000 1277.904541
 437.999983 1278.044678
 438.000000 1278.044678
 438.999983 1278.233765
 439.000000 1278.233765
 439.999983 1278.410400
 440.000000 1278.410400
 440.999983 1278.590332
 441.000000 1278.590332
 441.999983 1278.730469
 442.000000 1278.730469
 442.999983 1278.739624
 443.000000 1278.739624
 443.999983 1278.962158
 444.000000 1278.962158
 444.999983 1279.254639
 445.000000 1279.254639
 445.999983 1279.361450
 446.000000 1279.361450
 446.999983 1279.449829
 447.000000 1279.449829
 447.999983 1279.458984
 448.000000 1279.458984
 448.999983 1279.452881
 449.000000 1279.452881
 449.999983 1279.498657
 450.000000 1279.498657
 450.999983 1279.498657
 451.000000 1279.498657
 451.999983 1279.684570
 452.000000 1279.684570
 452.999983 1279.846191
 453.000000 1279.846191
 453.999983 1279.964844
 454.000000 1279.964844
 454.999983 1280.074707
 455.000000 1280.074707
 455.999983 1280.181274
 456.000000 1280.181274
 456.999983 1280.266724
 457.000000 1280.266724
 457.999983 1280.467773
 458.000000 1280.467773
 458.999983 1280.562256
 459.000000 1280.562256
 459.999983 1280.534912
 460.000000 1280.534912
 460.999983 1280.653809
 461.000000 1280.653809
 461.999983 1280.842896
 462.000000 1280.842896
 462.999983 1280.842896
 463.000000 1280.842896
 463.999983 1280.943237
 464.000000 1280.943237
 464.999983 1280.989136
 465.000000 1280.989136
 465.999983 1281.068359
 466.000000 1281.068359
 466.999983 1281.111084
 467.000000 1281.111084
 467.999983 1281.217773
 468.000000 1281.217773
 468.999983 1281.220703
 469.000000 1281.220703
 469.999983 1281.229736
 470.000000 1281.229736
 470.999983 1281.199463
 471.000000 1281.199463
 471.999983 1281.239014
 472.000000 1281.239014
 472.999983 1281.171875
 473.000000 1281.171875
 473.999983 1281.147583
 474.000000 1281.147583
 474.999983 1281.126221
 475.000000 1281.126221
 475.999983 1281.071411
 476.000000 1281.071411
 476.999983 1281.092773
 477.000000 1281.092773
 477.999983 1281.007324
 478.000000 1281.007324
 478.999983 1280.989136
 479.000000 1280.989136
 479.999983 1280.989136
 480.000000 1280.989136
 480.999983 1280.955444
 481.000000 1280.955444
 481.999983 1280.891479
 482.000000 1280.891479
 482.999983 1280.870239
 483.000000 1280.870239
 483.999983 1280.839722
 484.000000 1280.839722
 484.999983 1280.821411
 485.000000 1280.821411
 485.999983 1280.796997
 486.000000 1280.796997
 486.999983 1280.787964
 487.000000 1280.787964
 487.999983 1280.787964
 488.000000 1280.787964
 488.999983 1280.775757
 489.000000 1280.775757
 489.999983 1280.748291
 490.000000 1280.748291
 490.999983 1280.729980
 491.000000 1280.729980
 491.999983 1280.669067
 492.000000 1280.669067
 492.999983 1280.729980
 493.000000 1280.729980
 493.999983 1280.702515
 494.000000 1280.702515
 494.999983 1280.751343
 495.000000 1280.751343
 495.999983 1280.739136
 496.000000 1280.739136
 496.999983 1280.739136
 497.000000 1280.739136
 497.999983 1280.769653
 498.000000 1280.769653
 498.999983 1280.687256
 499.000000 1280.687256
 499.999983 1280.659912
