 0.000000 1236.610229
 0.999983 1236.655884
 1.607592 1236.646729
 2.607574 1236.646729
 3.526118 1236.640625
 4.526101 1236.637573
 5.292015 1236.588867
 6.291997 1236.561401
 7.199730 1236.576660
 8.199712 1236.527954
 8.881282 1236.518799
 9.881265 1236.485229
 10.616029 1236.436523
 11.616011 1236.436523
 11.891570 1236.436523
 12.891552 1236.506592
 13.633321 1236.573608
 14.633303 1236.500488
 15.362196 1236.570557
 16.362179 1236.497437
 17.362161 1236.802246
 17.365262 1236.802246
 18.365245 1236.802246
 19.307699 1236.536987
 20.307682 1236.512695
 21.111596 1236.436523
 22.111578 1236.448730
 22.931826 1236.448730
 23.931809 1236.463867
 24.796975 1236.433472
 25.796957 1236.424316
 26.622239 1236.448730
 27.622222 1236.451782
 28.560380 1236.348022
 29.560363 1236.351074
 30.447458 1236.354126
 31.447441 1236.341919
 32.244675 1236.341919
 33.244658 1236.332764
 34.121254 1236.320557
 35.121237 1236.296265
 35.954778 1236.210938
 36.954761 1236.052368
 37.568478 1236.003662
 38.568460 1236.052368
 39.568443 1235.997559
 39.654301 1235.997559
 40.654283 1235.982300
 41.654266 1235.930420
 41.694208 1235.930420
 42.694191 1235.878662
 43.620810 1235.848267
 44.620793 1235.814697
 45.493108 1235.753662
 46.493091 1235.695801
 47.371816 1235.701904
 48.371798 1235.622559
 49.257257 1235.680542
 50.257240 1235.680542
 51.257222 1235.473267
 51.258809 1235.473267
 52.258792 1235.537354
 53.197575 1235.537354
 54.197558 1235.540405
 54.919330 1235.540405
 55.919312 1235.528198
 56.770035 1235.506836
 57.770017 1235.506836
 58.627823 1235.500732
 59.627806 1235.488525
 60.503060 1235.488525
 61.503043 1235.564697
 62.364698 1235.497681
 63.364680 1235.573853
 64.195121 1235.491577
 65.195104 1235.579956
 66.051829 1235.509888
 67.051812 1235.476318
 67.870965 1235.476318
 68.870948 1235.412354
 69.631966 1235.467285
 70.631948 1235.448975
 71.493586 1235.448975
 72.493568 1235.403198
 73.368751 1235.345215
 74.368734 1235.314819
 75.368716 1235.278198
 75.393008 1235.278198
 76.392990 1235.278198
 77.137393 1235.247681
 78.137376 1235.275146
 79.013186 1235.226440
 80.013169 1235.226440
 80.890227 1235.183716
 81.890209 1235.205078
 82.774416 1235.183716
 83.774398 1235.183716
 84.725191 1235.153320
 85.725173 1235.144165
 86.600025 1235.192871
 87.600007 1235.192871
 88.157251 1235.308716
 89.157234 1235.308716
 90.021852 1235.241577
 91.021835 1235.168457
 91.906471 1235.131958
 92.906453 1235.128906
 93.697886 1235.180664
 94.697868 1235.241577
 95.483380 1235.162476
 96.483363 1235.150269
 97.317047 1235.101440
 98.317030 1235.101440
 99.152202 1234.961182
 100.152185 1234.942871
 100.992017 1234.875854
 101.992000 1234.860596
 102.991982 1234.854614
 103.002206 1234.854614
 104.002189 1234.757080
 104.434769 1234.757080
 105.434752 1234.763062
 106.044839 1234.942871
 107.044822 1234.942871
 107.742589 1235.013062
 108.742571 1235.067871
 109.696403 1235.034302
 110.696386 1235.049561
 111.696368 1234.909424
 111.858102 1234.909424
 112.858085 1234.833252
 113.687380 1234.437012
 114.687363 1234.369873
 115.520284 1234.388184
 116.520266 1234.318115
 117.313372 1234.385132
 118.313354 1234.202271
 119.138590 1234.238892
 120.138573 1234.187012
 121.002989 1234.187012
 122.002971 1234.232788
 122.930081 1234.074219
 123.930064 1234.022461
 124.718462 1233.912720
 125.718445 1233.867065
 126.592191 1233.812134
 127.592173 1233.812134
 128.446796 1233.815186
 129.446779 1233.833496
 130.317936 1233.818237
 131.317918 1233.781616
 132.177472 1233.781616
 133.177455 1233.757324
 134.072472 1233.714600
 135.072454 1233.726807
 135.965483 1233.668823
 136.965465 1233.644409
 137.869399 1233.623169
 138.869381 1233.595703
 139.674729 1233.589600
 140.674712 1233.601807
 141.674694 1233.620117
 141.723209 1233.620117
 142.723192 1233.583496
 143.570092 1233.598755
 144.570075 1233.525635
 145.288558 1233.489014
 146.288541 1233.528687
 147.182641 1233.507324
 148.182624 1233.449463
 149.029861 1233.409790
 150.029843 1233.479980
 150.914758 1233.431152
 151.914740 1233.431152
 152.643888 1233.360962
 153.643870 1233.324463
 154.465407 1233.187256
 155.465390 1233.187256
 156.465372 1233.220825
 156.516670 1233.220825
 157.516653 1233.199463
 158.359582 1233.199463
 159.359564 1233.175171
 160.221618 1233.153809
 161.221600 1233.138550
 162.110516 1233.101929
 163.110499 1233.141602
 163.988169 1233.031860
 164.988152 1233.019653
 165.879369 1233.019653
 166.879351 1233.053101
 167.752021 1233.028809
 168.752004 1233.004395
 169.571528 1233.004395
 170.571510 1233.062256
 171.360798 1232.979980
 172.360781 1232.919067
 173.360763 1232.943481
 173.363891 1232.943481
 174.363874 1232.912964
 175.184491 1232.763672
 176.184473 1232.714844
 177.022404 1232.717896
 178.022387 1232.720947
 178.899856 1232.720947
 179.899839 1232.699585
 180.565735 1232.714844
 181.565718 1232.714844
 182.247886 1232.717896
 183.247869 1232.708740
